12738806
16141072
15489334
21183079
20339383
21724266
31212048
9774669
10441743
15489334
14610093
21183079
30228260
30327463
8530047
16141072
15489334
21183079
8975710
9070862
15199138
18034455
18938227
21183079
20167603
20123978
22998443
16141072
12693553
15489334
21183079
16949368
15367660
14621295
16141072
19144319
19151705
21183079
8460153
15489334
7739555
10199952
12890497
19587682
21183079
19468303
10037502
17242355
21183079
24129315
9090379
16141072
15489334
10339565
17242355
19473982
19778506
20008297
21183079
20940307
25801959
14749374
15489334
11278362
12853446
17242355
18716323
19131326
21183079
23806337
11130985
11438694
16141072
19468303
15489334
12693553
16707451
21183079
29127155
19468303
15489334
17242355
21183079
23806337
24129315
16141072
15489334
19492028
21183079
32976492
14719112
16141072
15489334
19144319
21183079
19946331
21268065
23973222
27863226
27123980
14745134
15473838
21183079
12086608
19140243
9241270
11823441
17597094
18725397
19629184
19805308
21183079
8463324
16141072
15489334
17242355
21183079
6310596
16141072
15489334
8456301
11585387
20535209
25078851
7821822
9479492
7751941
11756344
15489334
11001923
11056530
11163258
11163259
11163260
11231056
11344260
11940666
12911752
12551946
12885786
14691133
14507966
12950100
12796778
14578885
15147871
15173193
15473966
15473967
16258276
16203747
16107726
15939891
16481446
16291865
16369480
17330141
21183079
23097494
15572112
15274919
9756361
14765121
16141072
15489334
11438699
18805096
19524508
21183079
21946561
27605705
7610039
9798653
21183079
23806337
26524493
10938129
11997514
19468303
12840145
16109376
17267518
21814200
21964340
22567088
23806337
19828451
20715035
7665100
15489334
21183079
24129315
2126014
21183079
12176391
15377783
10381257
16141072
15489334
21183079
16141072
19468303
15489334
21183079
19468303
8327517
16141072
21183079
21113167
21335234
23806337
19468303
16141072
9334263
7589796
7477376
10508857
10353604
10655590
12954715
12824469
15543145
15863494
16815842
16837552
19596786
19632177
14504474
21183079
21295966
7476016
19468303
14621295
16141072
15746153
21183079
22578325
8817451
15743826
19850054
21835343
25219788
16141072
15489334
21183079
7984047
8631961
8978694
16141072
15489334
10207097
18214987
21183079
9488439
9880534
11845287
16141072
19468303
9697701
16291758
19816403
21856776
8777431
8833243
9743625
10584558
16707451
17242355
21183079
12693553
16141072
15489334
17242355
21183079
22939622
27864380
30455454
31515109
30655503
16141072
15489334
17242355
21183079
11210180
16141072
15489334
21183079
15489334
10500095
12193649
14764894
15282312
16162871
16790436
21183079
22358839
27697860
1689490
2161096
1708247
2161540
7897669
10821861
16141072
19468303
15489334
7802632
1309590
8001822
8001823
8663044
10896947
12181353
15383174
16872596
17086194
17728342
17452648
19349973
21183079
16731982
2838789
2482828
8384622
7651534
11081636
11896575
15314156
16369487
21183079
26637977
17630952
16141072
15489334
17242355
17525332
18630941
19144319
19131326
21183079
24129315
8415706
8386827
1282811
8217221
8187650
8395828
1630810
7958865
7596437
9632797
10521483
10557082
11375937
12427764
12665569
15284220
19451274
21183079
20973951
27270174
15489334
14621295
16715502
21183079
15489334
16141072
15634781
19369254
9111344
9192892
19468303
8643509
10381882
12507421
11997499
12477726
12709428
16148126
17242355
17525332
19039140
19144319
21183079
21499262
23806337
24529706
24129315
11335060
16141072
9883737
11986669
12458226
16272139
15988012
21496646
16141072
15489334
14621295
21183079
1385406
2173707
7814415
10973973
14609949
18586882
21183079
20639889
21216955
22355118
25368181
28119464
16141072
15489334
21183079
16141072
19468303
14621295
17589504
17603510
21753002
24089209
23974797
24980959
24129315
25215947
25438055
28789945
28362576
30513302
32616651
33854232
33854235
33854239
19468303
17640523
21183079
24129315
22952240
26601204
19468303
15489334
11807098
10679933
15385448
16914736
19131326
21183079
20206623
23890175
24129315
9521869
11827466
15489334
16141072
16738337
21183079
23806337
17600150
19468303
15489334
9853749
11134026
11483650
11997254
14988405
15358775
16828986
16452087
16980967
18034455
19474308
19243221
21183079
20178993
20089912
24153177
26931375
29199957
28334377
31651360
8506376
16141072
15489334
9013788
8663403
9162005
9778514
11554755
11279209
11713257
15340086
15834131
16818234
18438409
18086704
18599438
18599437
19211936
19753306
21183079
20139090
22956541
30409805
16141072
19468303
15489334
11323698
11805835
12606711
18483218
18549786
19332769
21183079
22492581
24935931
24429998
29038237
16141072
15489334
15923632
29499132
